1 0.076673 1.422535
2 0.152633 1.096363
3 0.228627 0.881705
4 0.305104 0.751081
5 0.381407 0.650391
6 0.457580 0.579144
7 0.533849 0.527819
8 0.609834 0.488920
9 0.686333 0.457455
10 0.762521 0.433327
11 0.838987 0.414607
12 0.915424 0.398962
13 0.991490 0.384934
14 1.067701 0.371726
15 1.143820 0.359019
16 1.219877 0.346823
17 1.296640 0.334891
18 1.373493 0.321539
19 1.449601 0.309427
20 1.525830 0.299553
21 1.602159 0.290264
22 1.678595 0.281538
23 1.755096 0.273159
24 1.831528 0.263808
25 1.908985 0.254068
26 1.986745 0.247509
27 2.063566 0.241963
28 2.144448 0.236969
29 2.222025 0.232587
30 2.300017 0.228693
31 2.377419 0.224996
32 2.454364 0.221241
33 2.532146 0.217223
34 2.610837 0.212847
35 2.688260 0.208169
36 2.765004 0.203175
37 2.843049 0.197943
38 2.920561 0.193137
39 2.999654 0.188549
40 3.079069 0.183922
41 3.157976 0.180079
42 3.235897 0.176687
43 3.313147 0.173448
44 3.390776 0.170384
45 3.468394 0.167792
46 3.545106 0.165742
47 3.623601 0.164122
48 3.702428 0.162737
49 3.780277 0.161466
50 3.857364 0.160251
51 3.933492 0.159061
52 4.010012 0.157882
53 4.086809 0.156716
54 4.162604 0.155574
55 4.238886 0.154467
56 4.316457 0.153406
57 4.395158 0.152406
58 4.474052 0.151493
59 4.550878 0.150683
60 4.627286 0.149972
61 4.704715 0.149340
62 4.783754 0.148764
63 4.862299 0.148228
64 4.942302 0.147720
65 5.021211 0.147228
66 5.099671 0.146745
67 5.178151 0.146260
68 5.260223 0.145765
69 5.338465 0.145249
70 5.416244 0.144701
71 5.493888 0.144111
72 5.570225 0.143479
73 5.646078 0.142810
74 5.721948 0.142123
75 5.798335 0.141423
76 5.874312 0.140696
77 5.951549 0.139908
78 6.028155 0.139055
79 6.105079 0.138215
80 6.185624 0.137496
81 6.264832 0.136897
82 6.341216 0.136361
83 6.417031 0.135839
84 6.492815 0.135299
85 6.568760 0.134711
86 6.644847 0.134045
87 6.722488 0.133292
88 6.805157 0.132488
89 6.883773 0.131721
90 6.961672 0.131037
91 7.040673 0.130410
92 7.118169 0.129800
93 7.197406 0.129186
94 7.278113 0.128557
95 7.358461 0.127906
96 7.437162 0.127222
97 7.514925 0.126486
98 7.592992 0.125673
99 7.671136 0.124756
100 7.750132 0.123714
101 7.832124 0.122552
102 7.910234 0.121310
103 7.988588 0.120060
104 8.065217 0.118917
105 8.141194 0.117980
106 8.217408 0.117230
107 8.293260 0.116596
108 8.369320 0.116026
109 8.445873 0.115486
110 8.521763 0.114953
111 8.598097 0.114402
112 8.675430 0.113810
113 8.752167 0.113156
114 8.828661 0.112440
115 8.905295 0.111705
116 8.981644 0.111021
117 9.058568 0.110414
118 9.135550 0.109856
119 9.212821 0.109302
120 9.289600 0.108726
121 9.365990 0.108125
122 9.442126 0.107533
123 9.518714 0.106996
124 9.595860 0.106542
125 9.673244 0.106161
126 9.749787 0.105830
127 9.827086 0.105529
128 9.903442 0.105244
129 9.979886 0.104963
130 10.056772 0.104681
131 10.134776 0.104393
132 10.212620 0.104093
133 10.291502 0.103780
134 10.369691 0.103449
135 10.446471 0.103097
136 10.523079 0.102717
137 10.599630 0.102299
138 10.676544 0.101829
139 10.754149 0.101293
140 10.830997 0.100699
141 10.907930 0.100107
142 10.985024 0.099595
143 11.061318 0.099195
144 11.137655 0.098876
145 11.214341 0.098600
146 11.290774 0.098338
147 11.368784 0.098063
148 11.447831 0.097742
149 11.525447 0.097311
150 11.603842 0.096626
151 11.681022 0.095332
152 11.759506 0.093188
153 11.837922 0.091718
154 11.916007 0.091096
155 11.994825 0.090609
156 12.071548 0.090028
157 12.148538 0.089187
158 12.226432 0.087956
159 12.304218 0.086599
160 12.385702 0.085696
161 12.464991 0.085227
162 12.544755 0.084952
163 12.623731 0.084754
164 12.702363 0.084589
165 12.780736 0.084434
166 12.857363 0.084278
167 12.933848 0.084108
168 13.010247 0.083912
169 13.087604 0.083672
170 13.165530 0.083367
171 13.246773 0.082975
172 13.324931 0.082503
173 13.402972 0.082021
174 13.479327 0.081633
175 13.555685 0.081371
176 13.632065 0.081197
177 13.707819 0.081072
178 13.783738 0.080974
179 13.859916 0.080891
180 13.936110 0.080818
181 14.013364 0.080752
182 14.089968 0.080689
183 14.166546 0.080630
184 14.242487 0.080573
185 14.319229 0.080518
186 14.396783 0.080464
187 14.473683 0.080411
188 14.551338 0.080358
189 14.631414 0.080306
190 14.708878 0.080253
191 14.786294 0.080201
192 14.863029 0.080147
193 14.938861 0.080093
194 15.015838 0.080039
195 15.092870 0.079983
196 15.173918 0.079925
197 15.257744 0.079866
198 15.336776 0.079805
199 15.414011 0.079741
200 15.490092 0.079674
201 15.566139 0.079603
202 15.642283 0.079529
203 15.718509 0.079449
204 15.794655 0.079364
205 15.870532 0.079272
206 15.946371 0.079171
207 16.022984 0.079061
208 16.099125 0.078940
209 16.175650 0.078805
210 16.252624 0.078653
211 16.329331 0.078481
212 16.405489 0.078284
213 16.481701 0.078056
214 16.557981 0.077792
215 16.634271 0.077481
216 16.711616 0.077115
217 16.788722 0.076684
218 16.864753 0.076179
219 16.941029 0.075599
220 17.017293 0.074959
221 17.093555 0.074297
222 17.169795 0.073666
223 17.245556 0.073109
224 17.321315 0.072646
225 17.397142 0.072271
226 17.473227 0.071969
227 17.549076 0.071724
228 17.624967 0.071522
229 17.701332 0.071353
230 17.777978 0.071209
231 17.854125 0.071084
232 17.930153 0.070974
233 18.006197 0.070877
234 18.081946 0.070790
235 18.158287 0.070710
236 18.238657 0.070638
237 18.314951 0.070570
238 18.391160 0.070508
239 18.467948 0.070449
240 18.545808 0.070393
241 18.623722 0.070340
242 18.700785 0.070288
243 18.777124 0.070239
244 18.854043 0.070190
245 18.930546 0.070143
246 19.008934 0.070096
247 19.087047 0.070048
248 19.164094 0.070001
249 19.240188 0.069952
250 19.316525 0.069901
251 19.393864 0.069849
252 19.470285 0.069793
253 19.546548 0.069734
254 19.626828 0.069668
255 19.704790 0.069596
256 19.783072 0.069515
257 19.860491 0.069421
258 19.936649 0.069312
259 20.012933 0.069183
260 20.089479 0.069028
261 20.166320 0.068842
262 20.242803 0.068622
263 20.319656 0.068371
264 20.396568 0.068101
265 20.473315 0.067833
266 20.549914 0.067593
267 20.626395 0.067394
268 20.702785 0.067236
269 20.779755 0.067114
270 20.857767 0.067017
271 20.935138 0.066940
272 21.012071 0.066875
273 21.089858 0.066821
274 21.168262 0.066773
275 21.245226 0.066731
276 21.321749 0.066694
277 21.398280 0.066660
278 21.477566 0.066629
279 21.556470 0.066600
280 21.634387 0.066573
281 21.711147 0.066548
282 21.787332 0.066524
283 21.863860 0.066501
284 21.941183 0.066480
285 22.019254 0.066459
286 22.096167 0.066440
287 22.173122 0.066421
288 22.249862 0.066403
289 22.331115 0.066385
290 22.410118 0.066368
291 22.486406 0.066352
292 22.562213 0.066336
293 22.639282 0.066320
294 22.716888 0.066305
295 22.793911 0.066290
296 22.870358 0.066276
297 22.946653 0.066262
298 23.023359 0.066248
299 23.099933 0.066235
300 23.176267 0.066222
301 23.252668 0.066209
302 23.332068 0.066196
303 23.409146 0.066184
304 23.485583 0.066172
305 23.561881 0.066160
306 23.641704 0.066148
307 23.722385 0.066137
308 23.799429 0.066126
309 23.877131 0.066115
310 23.953633 0.066104
311 24.029412 0.066093
312 24.105776 0.066082
313 24.181584 0.066072
314 24.257678 0.066062
315 24.334023 0.066052
316 24.409953 0.066042
