1 0.075364 1.208222
2 0.151222 1.013895
3 0.227088 0.870571
4 0.302870 0.754024
5 0.378793 0.669138
6 0.454618 0.601565
7 0.530396 0.550439
8 0.606218 0.510762
9 0.682175 0.479811
10 0.758149 0.454184
11 0.833848 0.431104
12 0.909744 0.410540
13 0.985510 0.392247
14 1.061389 0.374413
15 1.137221 0.356102
16 1.213056 0.337179
17 1.289070 0.320493
18 1.364842 0.306404
19 1.441481 0.294819
20 1.517817 0.284242
21 1.595407 0.273381
22 1.671568 0.262202
23 1.748335 0.249227
24 1.824631 0.235933
25 1.900388 0.223243
26 1.976718 0.213075
27 2.053029 0.205538
28 2.128862 0.200259
29 2.204787 0.195848
30 2.282006 0.191915
31 2.358566 0.188247
32 2.434820 0.184662
33 2.511079 0.180937
34 2.587408 0.176717
35 2.663185 0.171403
36 2.739466 0.165501
37 2.816233 0.159931
38 2.895753 0.154869
39 2.973304 0.150959
40 3.050335 0.147828
41 3.126826 0.145049
42 3.203345 0.142489
43 3.279341 0.140188
44 3.355672 0.138251
45 3.431658 0.136699
46 3.508107 0.135400
47 3.584203 0.134211
48 3.660043 0.133045
49 3.736199 0.131869
50 3.812452 0.130726
51 3.888760 0.129719
52 3.965019 0.128891
53 4.041171 0.128200
54 4.117448 0.127597
55 4.194163 0.127051
56 4.270061 0.126543
57 4.346038 0.126064
58 4.422565 0.125603
59 4.498895 0.125155
60 4.574961 0.124714
61 4.651272 0.124272
62 4.727875 0.123825
63 4.804130 0.123364
64 4.880301 0.122881
65 4.956853 0.122364
66 5.033113 0.121801
67 5.109392 0.121174
68 5.185994 0.120472
69 5.262254 0.119695
70 5.338743 0.118879
71 5.414798 0.118084
72 5.491408 0.117356
73 5.567644 0.116699
74 5.644357 0.116097
75 5.720356 0.115532
76 5.796830 0.114994
77 5.872604 0.114477
78 5.948815 0.113979
79 6.025433 0.113495
80 6.101530 0.113026
81 6.177246 0.112566
82 6.253624 0.112113
83 6.329485 0.111662
84 6.405700 0.111211
85 6.481681 0.110755
86 6.557666 0.110291
87 6.633718 0.109817
88 6.709531 0.109331
89 6.786056 0.108832
90 6.861865 0.108321
91 6.937784 0.107796
92 7.013520 0.107257
93 7.089431 0.106698
94 7.165373 0.106108
95 7.241278 0.105471
96 7.317040 0.104756
97 7.392740 0.103929
98 7.468552 0.102969
99 7.544718 0.101910
100 7.620619 0.100850
101 7.696702 0.099891
102 7.772412 0.099110
103 7.848311 0.098500
104 7.924341 0.097994
105 8.000041 0.097527
106 8.075866 0.097057
107 8.151723 0.096549
108 8.227673 0.095967
109 8.304530 0.095291
110 8.380267 0.094550
111 8.456918 0.093853
112 8.534757 0.093284
113 8.611731 0.092819
114 8.687883 0.092410
115 8.763733 0.092028
116 8.839699 0.091660
117 8.915485 0.091305
118 8.991503 0.090963
119 9.067241 0.090633
120 9.143055 0.090316
121 9.219196 0.090008
122 9.294933 0.089705
123 9.370645 0.089400
124 9.446697 0.089083
125 9.522440 0.088742
126 9.598256 0.088372
127 9.674209 0.087970
128 9.749987 0.087553
129 9.826095 0.087157
130 9.901973 0.086814
131 9.977711 0.086538
132 10.053668 0.086320
133 10.129388 0.086143
134 10.205197 0.085994
135 10.281036 0.085864
136 10.357194 0.085749
137 10.433295 0.085644
138 10.509055 0.085548
139 10.584803 0.085458
140 10.660717 0.085374
141 10.736501 0.085294
142 10.812422 0.085219
143 10.888530 0.085147
144 10.964277 0.085078
145 11.040023 0.085012
146 11.116065 0.084949
147 11.191826 0.084888
148 11.268700 0.084829
149 11.344556 0.084772
150 11.420265 0.084716
151 11.496792 0.084663
152 11.572950 0.084611
153 11.649653 0.084560
154 11.725916 0.084511
155 11.803088 0.084463
156 11.879187 0.084416
157 11.956037 0.084370
158 12.032087 0.084325
159 12.108106 0.084281
160 12.184271 0.084238
161 12.260680 0.084196
162 12.337006 0.084155
163 12.412936 0.084114
164 12.489644 0.084074
165 12.566834 0.084035
166 12.643536 0.083996
167 12.719840 0.083958
168 12.796002 0.083921
169 12.872157 0.083884
170 12.948147 0.083847
171 13.024531 0.083811
172 13.100901 0.083775
173 13.177074 0.083740
174 13.253220 0.083705
175 13.329590 0.083670
176 13.405966 0.083635
177 13.482351 0.083601
178 13.558754 0.083567
179 13.635417 0.083533
180 13.711193 0.083499
181 13.787475 0.083466
182 13.863534 0.083432
183 13.939842 0.083398
184 14.016158 0.083365
185 14.091944 0.083331
186 14.167692 0.083297
187 14.244415 0.083263
188 14.320496 0.083229
189 14.396859 0.083194
190 14.473118 0.083159
191 14.549204 0.083124
192 14.625180 0.083088
193 14.701590 0.083052
194 14.778106 0.083015
195 14.854143 0.082977
196 14.930866 0.082939
197 15.006642 0.082899
198 15.082971 0.082858
199 15.159500 0.082816
200 15.235522 0.082773
201 15.311487 0.082727
202 15.387285 0.082680
203 15.463476 0.082630
204 15.539849 0.082577
205 15.616344 0.082521
206 15.692371 0.082461
207 15.768678 0.082396
208 15.844889 0.082326
209 15.921214 0.082249
210 15.997526 0.082163
211 16.073748 0.082068
212 16.150297 0.081959
213 16.226279 0.081834
214 16.302480 0.081688
215 16.378622 0.081515
216 16.454794 0.081307
217 16.530965 0.081050
218 16.606860 0.080729
219 16.682976 0.080320
220 16.759673 0.079793
221 16.839226 0.079125
222 16.916786 0.078358
223 16.993474 0.077656
224 17.069547 0.077162
225 17.145420 0.076836
226 17.222065 0.076603
227 17.297838 0.076421
228 17.373587 0.076271
229 17.449813 0.076140
230 17.525502 0.076021
231 17.601265 0.075910
232 17.677904 0.075803
233 17.753680 0.075698
234 17.829571 0.075593
235 17.905430 0.075487
236 17.981631 0.075377
237 18.057423 0.075265
238 18.133148 0.075148
239 18.209033 0.075027
240 18.285033 0.074901
241 18.360734 0.074772
242 18.436505 0.074641
243 18.512682 0.074507
244 18.588373 0.074374
245 18.664149 0.074242
246 18.740081 0.074114
247 18.815813 0.073992
248 18.891662 0.073875
249 18.967760 0.073767
250 19.043813 0.073666
251 19.120012 0.073574
252 19.195768 0.073489
253 19.272105 0.073412
254 19.347840 0.073342
255 19.423595 0.073278
256 19.499795 0.073219
257 19.575501 0.073165
258 19.651386 0.073116
259 19.727173 0.073070
260 19.803293 0.073028
261 19.878992 0.072988
262 19.954799 0.072951
263 20.030658 0.072916
264 20.106662 0.072883
265 20.182471 0.072852
266 20.259103 0.072822
267 20.334888 0.072793
268 20.410733 0.072766
269 20.486669 0.072739
270 20.562950 0.072714
271 20.638724 0.072689
272 20.715069 0.072665
273 20.790791 0.072641
274 20.866543 0.072618
275 20.942505 0.072596
276 21.018334 0.072573
277 21.094162 0.072552
278 21.170256 0.072530
279 21.246140 0.072509
280 21.322244 0.072488
281 21.398114 0.072467
282 21.474281 0.072446
283 21.550836 0.072425
284 21.627088 0.072405
285 21.703479 0.072384
286 21.780241 0.072364
287 21.856931 0.072343
288 21.933233 0.072322
289 22.009503 0.072301
290 22.085786 0.072280
291 22.162251 0.072259
292 22.238625 0.072237
293 22.315233 0.072215
294 22.391600 0.072193
295 22.467922 0.072170
296 22.544404 0.072147
297 22.620930 0.072123
298 22.697289 0.072099
299 22.774078 0.072074
300 22.850189 0.072048
301 22.926915 0.072021
302 23.003209 0.071993
303 23.080473 0.071964
304 23.157293 0.071933
305 23.234919 0.071900
306 23.311443 0.071865
307 23.387830 0.071827
308 23.467259 0.071786
309 23.544670 0.071740
310 23.621598 0.071688
311 23.697747 0.071628
312 23.774123 0.071557
313 23.850324 0.071467
314 23.926669 0.071351
315 24.003195 0.071189
316 24.079587 0.070948
317 24.156283 0.070568
318 24.232427 0.069982
319 24.308719 0.069278
320 24.385268 0.068800
321 24.461632 0.068585
322 24.537963 0.068469
323 24.614120 0.068386
324 24.690423 0.068314
325 24.767925 0.068248
326 24.845440 0.068183
327 24.921914 0.068117
328 24.998023 0.068051
329 25.074363 0.067982
330 25.150738 0.067911
331 25.226994 0.067837
332 25.303259 0.067760
333 25.379251 0.067680
334 25.455644 0.067596
335 25.532023 0.067509
336 25.608793 0.067419
337 25.684935 0.067327
338 25.761678 0.067231
339 25.837497 0.067134
340 25.913655 0.067035
341 25.989986 0.066936
342 26.065856 0.066836
343 26.141686 0.066736
344 26.219206 0.066638
345 26.295306 0.066541
346 26.371566 0.066445
347 26.447960 0.066352
348 26.524211 0.066260
349 26.599988 0.066171
350 26.676050 0.066083
351 26.752071 0.065997
352 26.828745 0.065911
353 26.904579 0.065826
354 26.980866 0.065741
355 27.056660 0.065655
356 27.132579 0.065567
357 27.208769 0.065477
358 27.284575 0.065383
359 27.361555 0.065286
360 27.437435 0.065184
361 27.516012 0.065077
362 27.593174 0.064965
363 27.669773 0.064847
364 27.745541 0.064724
365 27.821457 0.064596
366 27.897386 0.064464
367 27.973169 0.064330
368 28.049107 0.064197
369 28.124862 0.064067
370 28.200927 0.063941
371 28.276695 0.063821
372 28.352796 0.063710
373 28.428572 0.063607
374 28.504407 0.063513
375 28.580460 0.063428
376 28.656233 0.063352
377 28.731998 0.063282
378 28.807948 0.063219
379 28.883912 0.063162
380 28.960499 0.063110
381 29.036593 0.063063
382 29.112514 0.063019
383 29.189169 0.062979
384 29.264912 0.062942
385 29.341117 0.062907
386 29.416840 0.062874
387 29.492722 0.062844
388 29.569063 0.062815
389 29.645397 0.062787
390 29.721579 0.062761
391 29.797313 0.062736
392 29.873024 0.062713
393 29.949124 0.062690
394 30.024866 0.062668
395 30.100638 0.062647
396 30.176502 0.062626
397 30.252464 0.062606
398 30.328238 0.062587
399 30.404209 0.062568
400 30.480488 0.062550
401 30.556397 0.062532
402 30.632512 0.062515
403 30.708666 0.062498
404 30.784539 0.062481
405 30.860563 0.062464
406 30.936496 0.062448
407 31.012589 0.062432
408 31.088643 0.062416
409 31.164602 0.062400
410 31.240720 0.062385
411 31.316473 0.062369
412 31.392212 0.062353
413 31.468162 0.062338
414 31.544285 0.062322
415 31.620911 0.062306
416 31.697237 0.062291
417 31.777270 0.062274
418 31.854366 0.062258
419 31.931100 0.062241
420 32.007504 0.062224
421 32.084011 0.062207
422 32.161355 0.062189
423 32.237478 0.062170
424 32.313830 0.062149
425 32.390390 0.062128
426 32.466536 0.062105
427 32.542914 0.062081
428 32.619195 0.062053
429 32.695522 0.062023
430 32.772220 0.061987
431 32.849042 0.061946
432 32.928261 0.061896
433 33.005156 0.061833
434 33.081664 0.061751
435 33.158020 0.061640
436 33.234452 0.061478
437 33.310786 0.061235
438 33.387614 0.060859
439 33.463751 0.060322
440 33.542474 0.059744
441 33.619452 0.059362
442 33.695990 0.059180
443 33.772462 0.059088
444 33.849051 0.059030
445 33.925614 0.058987
446 34.001906 0.058953
447 34.078225 0.058923
448 34.154488 0.058896
449 34.230877 0.058870
450 34.307452 0.058846
451 34.384144 0.058823
452 34.460678 0.058800
453 34.536852 0.058777
454 34.613356 0.058755
455 34.690329 0.058732
456 34.767209 0.058710
457 34.843873 0.058687
458 34.920670 0.058664
459 34.997123 0.058640
460 35.073565 0.058615
461 35.150602 0.058590
462 35.226792 0.058564
463 35.302892 0.058536
464 35.379127 0.058507
465 35.455904 0.058477
466 35.532349 0.058445
467 35.608825 0.058410
468 35.685029 0.058374
469 35.762076 0.058334
470 35.837980 0.058291
471 35.914714 0.058244
472 35.991010 0.058193
473 36.067613 0.058137
474 36.144075 0.058075
475 36.220573 0.058006
476 36.297213 0.057930
477 36.373551 0.057846
478 36.450348 0.057752
479 36.526702 0.057648
480 36.603177 0.057534
481 36.679075 0.057409
482 36.754978 0.057274
483 36.831673 0.057132
484 36.907542 0.056985
485 36.983980 0.056838
486 37.059797 0.056693
487 37.135828 0.056555
488 37.211601 0.056427
489 37.287533 0.056310
490 37.363816 0.056205
491 37.439605 0.056110
492 37.516171 0.056026
493 37.592805 0.055948
494 37.668733 0.055877
495 37.744493 0.055808
496 37.820373 0.055741
497 37.896545 0.055673
498 37.972349 0.055599
499 38.048103 0.055516
500 38.125335 0.055416
501 38.201114 0.055288
502 38.277285 0.055114
503 38.352994 0.054863
504 38.428780 0.054490
505 38.504731 0.053968
506 38.580883 0.053392
507 38.656626 0.052978
508 38.732354 0.052765
509 38.808452 0.052655
510 38.884188 0.052589
511 38.960291 0.052543
512 39.035989 0.052509
513 39.111800 0.052481
514 39.187556 0.052458
515 39.263292 0.052438
516 39.339001 0.052420
517 39.414763 0.052403
518 39.490908 0.052388
519 39.566668 0.052374
520 39.642820 0.052361
521 39.718533 0.052348
522 39.794384 0.052336
523 39.874170 0.052325
524 39.951029 0.052315
525 40.027713 0.052304
526 40.103605 0.052294
