1 0.074263 1.403081
2 0.149012 1.142904
3 0.224854 0.967189
4 0.300557 0.840163
5 0.377140 0.730946
6 0.453287 0.640700
7 0.529229 0.567536
8 0.605001 0.509792
9 0.680864 0.465057
10 0.756043 0.427350
11 0.832646 0.395132
12 0.908568 0.369162
13 0.983951 0.347885
14 1.060449 0.329110
15 1.135847 0.311613
16 1.212199 0.295292
17 1.288225 0.280914
18 1.364597 0.268182
19 1.440149 0.256126
20 1.515518 0.244431
21 1.591598 0.233633
22 1.667538 0.224170
23 1.742048 0.215963
24 1.818043 0.208767
25 1.893518 0.202154
26 1.971837 0.195656
27 2.049237 0.189098
28 2.126243 0.183088
29 2.202651 0.178088
30 2.278115 0.173538
31 2.353743 0.169138
32 2.429670 0.164877
33 2.505597 0.160896
34 2.581754 0.157359
35 2.657746 0.154338
36 2.733926 0.151742
37 2.809897 0.149406
38 2.885595 0.147195
39 2.961427 0.145021
40 3.037149 0.142837
41 3.112084 0.140613
42 3.187991 0.138343
43 3.263790 0.136082
44 3.339670 0.133778
45 3.415423 0.131096
46 3.491385 0.127812
47 3.568351 0.124678
48 3.644725 0.122220
49 3.720533 0.120289
50 3.796447 0.118784
51 3.872196 0.117536
52 3.948153 0.116403
53 4.023864 0.115314
54 4.099734 0.114228
55 4.175945 0.113121
56 4.252185 0.111977
57 4.328285 0.110797
58 4.404013 0.109608
59 4.479830 0.108448
60 4.555595 0.107343
61 4.631310 0.106300
62 4.707067 0.105330
63 4.783542 0.104448
64 4.859595 0.103661
65 4.935427 0.102963
66 5.011307 0.102341
67 5.087143 0.101781
68 5.163122 0.101275
69 5.239095 0.100814
70 5.315005 0.100393
71 5.390712 0.100007
72 5.466693 0.099649
73 5.542437 0.099315
74 5.618383 0.099000
75 5.695454 0.098702
76 5.773114 0.098416
77 5.849467 0.098140
78 5.925302 0.097872
79 6.001023 0.097609
80 6.076766 0.097348
81 6.152539 0.097088
82 6.228436 0.096826
83 6.304359 0.096560
84 6.380052 0.096287
85 6.455844 0.096003
86 6.531919 0.095705
87 6.608289 0.095387
88 6.684096 0.095042
89 6.760451 0.094658
90 6.836229 0.094221
91 6.912100 0.093711
92 6.987987 0.093108
93 7.063872 0.092418
94 7.139770 0.091704
95 7.216151 0.091064
96 7.292546 0.090533
97 7.369141 0.090074
98 7.445433 0.089645
99 7.522112 0.089219
100 7.598554 0.088782
101 7.674374 0.088322
102 7.750202 0.087830
103 7.826010 0.087291
104 7.901786 0.086684
105 7.977632 0.085990
106 8.053725 0.085240
107 8.129459 0.084564
108 8.205372 0.084072
109 8.281256 0.083736
110 8.357773 0.083489
111 8.434113 0.083292
112 8.510127 0.083125
113 8.587275 0.082978
114 8.664115 0.082845
115 8.740473 0.082723
116 8.816664 0.082609
117 8.892963 0.082501
118 8.970431 0.082399
119 9.049066 0.082300
120 9.125479 0.082205
121 9.202055 0.082112
122 9.279394 0.082022
123 9.356413 0.081932
124 9.432548 0.081844
125 9.508794 0.081756
126 9.586742 0.081668
127 9.664784 0.081579
128 9.741923 0.081489
129 9.818273 0.081396
130 9.894644 0.081301
131 9.970694 0.081202
132 10.046469 0.081097
133 10.122807 0.080986
134 10.199709 0.080865
135 10.276337 0.080734
136 10.352586 0.080588
137 10.428977 0.080423
138 10.507407 0.080235
139 10.588535 0.080018
140 10.667902 0.079767
141 10.747524 0.079479
142 10.826038 0.079156
143 10.905842 0.078811
144 10.986954 0.078464
145 11.066741 0.078138
146 11.146925 0.077845
147 11.225776 0.077587
148 11.304755 0.077355
149 11.382764 0.077142
150 11.459789 0.076941
151 11.537888 0.076747
152 11.614768 0.076558
153 11.692073 0.076373
154 11.769217 0.076194
155 11.845928 0.076021
156 11.922541 0.075858
157 11.998998 0.075706
158 12.075850 0.075564
159 12.152320 0.075435
160 12.228483 0.075317
161 12.304817 0.075210
162 12.380899 0.075113
163 12.457521 0.075025
164 12.533860 0.074944
165 12.609930 0.074870
166 12.686029 0.074801
167 12.762436 0.074738
168 12.839206 0.074678
169 12.915392 0.074623
170 12.991654 0.074571
171 13.068024 0.074522
172 13.144020 0.074475
173 13.220230 0.074431
174 13.296516 0.074388
175 13.372280 0.074348
176 13.448167 0.074309
177 13.524107 0.074272
178 13.599850 0.074236
179 13.675674 0.074201
180 13.751632 0.074167
181 13.827524 0.074135
182 13.903361 0.074103
183 13.979071 0.074072
184 14.054797 0.074043
185 14.130738 0.074014
186 14.206581 0.073985
187 14.282480 0.073958
188 14.358439 0.073931
189 14.434515 0.073904
190 14.510376 0.073878
191 14.586582 0.073853
192 14.662730 0.073829
193 14.739310 0.073804
194 14.815162 0.073781
195 14.891172 0.073757
196 14.967658 0.073734
197 15.043525 0.073712
198 15.119358 0.073690
199 15.196416 0.073668
200 15.273049 0.073647
201 15.348833 0.073626
202 15.424801 0.073605
203 15.501693 0.073585
204 15.577506 0.073565
205 15.654410 0.073545
206 15.730145 0.073526
207 15.805933 0.073507
208 15.881987 0.073488
209 15.957684 0.073469
210 16.033699 0.073451
211 16.109385 0.073433
212 16.185190 0.073415
213 16.261084 0.073397
214 16.336778 0.073380
215 16.412583 0.073363
216 16.488283 0.073346
217 16.564014 0.073329
218 16.639760 0.073312
219 16.715692 0.073295
220 16.791409 0.073279
221 16.867491 0.073263
222 16.943197 0.073247
223 17.018956 0.073231
224 17.094784 0.073215
225 17.170620 0.073199
226 17.247016 0.073184
227 17.322725 0.073168
228 17.398827 0.073153
229 17.474566 0.073138
230 17.550392 0.073123
231 17.626391 0.073108
232 17.702426 0.073093
233 17.778120 0.073078
234 17.859435 0.073063
235 17.936962 0.073048
236 18.013829 0.073033
237 18.089680 0.073019
238 18.165669 0.073004
239 18.241445 0.072989
240 18.317580 0.072974
241 18.393960 0.072959
242 18.471117 0.072945
243 18.547456 0.072930
244 18.623789 0.072915
245 18.700092 0.072899
246 18.776337 0.072884
247 18.852954 0.072869
248 18.929127 0.072853
249 19.005463 0.072837
250 19.082010 0.072821
251 19.158676 0.072804
252 19.234808 0.072787
253 19.311018 0.072769
254 19.387827 0.072751
255 19.464033 0.072732
256 19.540510 0.072712
257 19.617123 0.072692
258 19.694050 0.072669
259 19.770134 0.072646
260 19.846799 0.072620
261 19.922914 0.072592
262 19.999257 0.072560
263 20.075542 0.072525
264 20.151589 0.072484
265 20.227880 0.072436
266 20.303943 0.072378
267 20.380371 0.072305
268 20.456488 0.072212
269 20.532496 0.072088
270 20.608610 0.071917
271 20.684664 0.071672
272 20.760668 0.071322
273 20.837027 0.070856
274 20.913321 0.070345
275 20.989922 0.069940
276 21.065754 0.069697
277 21.141969 0.069560
278 21.218028 0.069476
279 21.294390 0.069418
280 21.370865 0.069375
281 21.447645 0.069341
282 21.523570 0.069312
283 21.599659 0.069286
284 21.676094 0.069262
285 21.752632 0.069239
286 21.828488 0.069218
287 21.904386 0.069197
288 21.980538 0.069177
289 22.057591 0.069157
290 22.134283 0.069136
291 22.210653 0.069116
292 22.287000 0.069095
293 22.363531 0.069073
294 22.439731 0.069051
295 22.515924 0.069028
296 22.592153 0.069004
297 22.668373 0.068979
298 22.744484 0.068953
299 22.821081 0.068924
300 22.897076 0.068894
301 22.973147 0.068862
302 23.049488 0.068826
303 23.125842 0.068787
304 23.202106 0.068744
305 23.278426 0.068696
306 23.354915 0.068642
307 23.431707 0.068580
308 23.510022 0.068507
309 23.588027 0.068422
310 23.665918 0.068319
311 23.743946 0.068194
312 23.821745 0.068036
313 23.899299 0.067833
314 23.976976 0.067565
315 24.053378 0.067203
316 24.130639 0.066707
317 24.207926 0.066039
318 24.286686 0.065201
319 24.364554 0.064276
320 24.442740 0.063402
321 24.519666 0.062698
322 24.595489 0.062163
323 24.675155 0.061708
324 24.751928 0.061261
325 24.829975 0.060812
326 24.909085 0.060401
327 24.989514 0.060078
328 25.067739 0.059852
329 25.146404 0.059699
330 25.225495 0.059593
331 25.304403 0.059517
332 25.382800 0.059459
333 25.461057 0.059414
334 25.540313 0.059377
335 25.619505 0.059346
336 25.697932 0.059319
337 25.775153 0.059296
338 25.852817 0.059275
339 25.930364 0.059256
340 26.007443 0.059239
341 26.085030 0.059224
342 26.163008 0.059209
343 26.240118 0.059196
344 26.316163 0.059183
345 26.393315 0.059171
346 26.470829 0.059159
347 26.546783 0.059148
348 26.622580 0.059138
349 26.699679 0.059128
350 26.776126 0.059118
