1 0.076066 1.131473
2 0.151941 0.952087
3 0.227772 0.817364
4 0.303526 0.700729
5 0.379347 0.625229
6 0.455287 0.573282
7 0.531172 0.529283
8 0.607342 0.489376
9 0.683434 0.458120
10 0.759157 0.431854
11 0.834997 0.408468
12 0.910866 0.386362
13 0.986576 0.364947
14 1.062486 0.345899
15 1.138446 0.329028
16 1.214677 0.313477
17 1.290387 0.299220
18 1.366125 0.285923
19 1.442060 0.273362
20 1.517826 0.260581
21 1.593534 0.250421
22 1.669391 0.242184
23 1.745210 0.234508
24 1.821082 0.227671
25 1.896902 0.221890
26 1.972705 0.216743
27 2.048666 0.212086
28 2.124503 0.207915
29 2.200330 0.204163
30 2.276595 0.200706
31 2.352342 0.197438
32 2.428350 0.194278
33 2.504234 0.191166
34 2.580096 0.188052
35 2.657463 0.184900
36 2.734575 0.181679
37 2.810840 0.178378
38 2.887187 0.175028
39 2.963802 0.171722
40 3.039825 0.168567
41 3.116997 0.165624
42 3.193615 0.162898
43 3.270753 0.160362
44 3.347072 0.157968
45 3.423270 0.155654
46 3.499836 0.153352
47 3.575925 0.150967
48 3.654470 0.148383
49 3.733439 0.145563
50 3.810980 0.142732
51 3.887495 0.140112
52 3.964050 0.137674
53 4.040584 0.135308
54 4.116984 0.132966
55 4.193506 0.130766
56 4.269920 0.128835
57 4.346216 0.127143
58 4.422456 0.125613
59 4.498993 0.124183
60 4.575625 0.122799
61 4.651724 0.121399
62 4.728180 0.119906
63 4.804908 0.118259
64 4.881488 0.116538
65 4.957971 0.114974
66 5.034114 0.113585
67 5.110657 0.112241
68 5.187294 0.110888
69 5.263696 0.109530
70 5.340420 0.108194
71 5.416681 0.106888
72 5.493090 0.105574
73 5.569465 0.104179
74 5.645899 0.102646
75 5.722499 0.101043
76 5.798956 0.099563
77 5.875524 0.098204
78 5.951674 0.096840
79 6.027850 0.095410
80 6.104506 0.093934
81 6.180919 0.092509
82 6.257360 0.091230
83 6.333524 0.090130
84 6.410148 0.089190
85 6.486527 0.088377
86 6.563001 0.087657
87 6.639206 0.087004
88 6.715363 0.086400
89 6.792092 0.085835
90 6.868895 0.085297
91 6.945867 0.084780
92 7.022771 0.084278
93 7.099189 0.083785
94 7.175585 0.083295
95 7.252228 0.082801
96 7.328617 0.082293
97 7.404987 0.081756
98 7.481690 0.081166
99 7.558076 0.080493
100 7.634790 0.079718
101 7.710590 0.078899
102 7.786623 0.078180
103 7.862838 0.077626
104 7.938586 0.077174
105 8.014339 0.076764
106 8.090335 0.076359
107 8.166288 0.075929
108 8.245264 0.075431
109 8.322581 0.074801
110 8.398982 0.073993
111 8.474727 0.073160
112 8.550585 0.072593
113 8.626601 0.072246
114 8.702459 0.071986
115 8.779073 0.071765
116 8.854835 0.071565
117 8.930934 0.071379
118 9.006676 0.071205
119 9.083119 0.071040
120 9.158965 0.070882
121 9.234822 0.070731
122 9.310812 0.070585
123 9.387492 0.070444
124 9.463286 0.070307
125 9.539018 0.070174
126 9.615013 0.070044
127 9.690708 0.069917
128 9.766544 0.069791
129 9.842671 0.069666
130 9.919257 0.069542
131 9.995007 0.069418
132 10.070758 0.069292
133 10.146827 0.069164
134 10.223135 0.069032
135 10.298894 0.068894
136 10.374844 0.068747
137 10.450878 0.068588
138 10.526981 0.068410
139 10.602735 0.068204
140 10.678570 0.067953
141 10.754525 0.067627
142 10.830651 0.067162
143 10.906405 0.066412
144 10.982135 0.065079
145 11.057889 0.063056
146 11.133787 0.061504
147 11.209538 0.060665
148 11.285928 0.060004
149 11.362024 0.059363
150 11.437766 0.058738
151 11.513915 0.058155
152 11.589678 0.057615
153 11.665431 0.057112
154 11.741392 0.056655
155 11.817223 0.056254
156 11.893380 0.055906
157 11.969115 0.055586
158 12.045584 0.055256
159 12.121374 0.054861
160 12.197697 0.054329
161 12.273410 0.053637
162 12.349130 0.052989
163 12.425161 0.052621
164 12.500904 0.052428
165 12.577001 0.052297
166 12.652733 0.052191
167 12.729335 0.052099
168 12.805615 0.052015
169 12.882072 0.051939
170 12.958809 0.051868
171 13.034752 0.051801
172 13.111033 0.051738
173 13.187843 0.051678
174 13.264926 0.051620
175 13.341537 0.051566
176 13.417710 0.051513
177 13.494127 0.051462
178 13.570346 0.051414
179 13.646817 0.051366
180 13.723445 0.051321
181 13.799597 0.051277
182 13.875791 0.051234
183 13.952204 0.051192
184 14.028776 0.051152
185 14.104960 0.051112
186 14.181460 0.051074
187 14.258077 0.051036
188 14.334823 0.050999
189 14.411807 0.050963
190 14.488351 0.050928
191 14.565091 0.050894
192 14.641226 0.050860
193 14.717828 0.050827
194 14.794337 0.050794
195 14.870462 0.050762
196 14.946621 0.050731
197 15.023405 0.050700
198 15.099802 0.050669
199 15.176202 0.050639
200 15.252837 0.050610
201 15.329388 0.050580
202 15.405546 0.050551
203 15.481836 0.050522
204 15.557967 0.050494
205 15.634616 0.050465
206 15.710748 0.050437
207 15.787110 0.050409
208 15.863688 0.050381
209 15.939836 0.050353
210 16.016363 0.050325
211 16.092329 0.050296
212 16.168791 0.050268
213 16.245053 0.050239
214 16.321996 0.050209
215 16.398329 0.050179
216 16.477194 0.050148
217 16.555243 0.050115
218 16.632038 0.050081
219 16.709053 0.050044
220 16.787171 0.050005
221 16.865758 0.049961
222 16.943776 0.049911
223 17.021538 0.049853
224 17.099604 0.049783
225 17.177429 0.049694
226 17.254430 0.049574
227 17.330938 0.049403
228 17.407060 0.049143
229 17.483968 0.048733
230 17.560357 0.048134
231 17.636746 0.047507
232 17.713773 0.047139
233 17.789603 0.046978
234 17.865398 0.046892
235 17.941414 0.046833
236 18.018637 0.046786
237 18.094443 0.046745
238 18.170842 0.046709
239 18.247676 0.046674
240 18.324917 0.046642
241 18.403677 0.046611
242 18.483054 0.046581
243 18.561611 0.046551
244 18.640451 0.046522
245 18.717662 0.046494
246 18.793643 0.046466
247 18.871205 0.046437
248 18.949139 0.046409
249 19.025856 0.046381
250 19.102594 0.046352
251 19.181897 0.046323
252 19.259036 0.046294
253 19.336141 0.046264
254 19.412492 0.046233
255 19.489145 0.046201
256 19.565088 0.046168
257 19.641993 0.046134
258 19.720300 0.046098
259 19.797905 0.046061
260 19.877448 0.046021
261 19.955385 0.045979
262 20.032140 0.045934
263 20.109157 0.045885
264 20.186096 0.045832
265 20.262357 0.045775
266 20.340171 0.045712
267 20.418138 0.045643
268 20.493990 0.045567
269 20.570288 0.045482
270 20.646151 0.045388
271 20.721968 0.045283
272 20.797812 0.045166
273 20.874014 0.045037
274 20.950323 0.044896
275 21.026424 0.044744
276 21.103618 0.044584
277 21.180597 0.044420
278 21.256637 0.044256
279 21.333052 0.044098
280 21.409101 0.043950
281 21.484961 0.043817
282 21.560723 0.043698
283 21.636523 0.043595
284 21.712645 0.043506
285 21.789526 0.043430
286 21.867475 0.043364
287 21.943956 0.043307
288 22.019916 0.043258
289 22.095885 0.043214
290 22.171706 0.043176
291 22.247995 0.043141
292 22.323980 0.043110
293 22.399822 0.043082
294 22.475541 0.043056
295 22.551669 0.043032
296 22.627683 0.043009
297 22.704842 0.042988
298 22.781089 0.042969
299 22.857685 0.042950
300 22.933688 0.042932
301 23.009694 0.042915
302 23.085687 0.042898
303 23.161482 0.042883
304 23.238315 0.042867
305 23.314827 0.042853
306 23.394986 0.042838
307 23.471594 0.042824
308 23.547581 0.042811
309 23.623589 0.042797
310 23.699548 0.042784
311 23.775342 0.042771
312 23.851358 0.042759
313 23.928483 0.042746
314 24.004425 0.042734
315 24.080442 0.042722
316 24.156774 0.042710
317 24.233075 0.042699
318 24.309338 0.042687
319 24.385390 0.042675
320 24.461312 0.042664
321 24.537565 0.042653
322 24.614008 0.042641
323 24.690176 0.042630
324 24.765992 0.042619
325 24.842309 0.042607
326 24.918352 0.042596
327 24.994457 0.042585
328 25.071021 0.042573
329 25.147551 0.042562
330 25.224156 0.042550
331 25.300358 0.042538
332 25.376627 0.042526
333 25.452754 0.042514
334 25.528732 0.042502
335 25.604879 0.042489
336 25.680913 0.042476
337 25.756854 0.042462
338 25.833134 0.042448
339 25.909205 0.042433
340 25.985459 0.042417
341 26.062158 0.042400
342 26.138410 0.042382
343 26.215000 0.042363
344 26.291335 0.042341
345 26.367326 0.042317
346 26.443288 0.042290
347 26.519972 0.042258
348 26.595962 0.042221
349 26.672151 0.042176
350 26.748416 0.042119
351 26.825453 0.042047
352 26.903598 0.041951
353 26.981873 0.041819
354 27.058994 0.041629
355 27.136997 0.041351
356 27.214173 0.040955
357 27.291234 0.040461
358 27.368262 0.040004
359 27.445304 0.039713
360 27.521143 0.039560
361 27.597485 0.039475
362 27.674340 0.039421
363 27.750627 0.039383
364 27.826948 0.039353
365 27.903154 0.039327
366 27.979236 0.039305
367 28.055418 0.039286
368 28.131963 0.039268
369 28.209024 0.039251
370 28.285689 0.039235
371 28.362248 0.039221
372 28.438405 0.039206
373 28.514701 0.039193
374 28.591062 0.039180
375 28.667373 0.039168
376 28.743726 0.039156
377 28.819890 0.039144
378 28.895831 0.039133
379 28.973376 0.039122
380 29.051870 0.039111
381 29.129546 0.039101
382 29.206726 0.039091
383 29.283447 0.039081
