1 0.076228 1.244433
2 0.152402 0.984645
3 0.228519 0.805192
4 0.304609 0.678030
5 0.380885 0.584906
6 0.457284 0.512068
7 0.533466 0.459119
8 0.609500 0.419388
9 0.686163 0.388739
10 0.762524 0.364008
11 0.838521 0.342669
12 0.915141 0.324032
13 0.991559 0.307783
14 1.067904 0.293500
15 1.144208 0.280673
16 1.220324 0.268967
17 1.296209 0.258353
18 1.372644 0.248884
19 1.448701 0.240120
20 1.524955 0.231475
21 1.601143 0.222714
22 1.677852 0.214219
23 1.754283 0.206594
24 1.830552 0.200120
25 1.906947 0.194571
26 1.983122 0.189579
27 2.059427 0.184821
28 2.135731 0.180070
29 2.212195 0.175202
30 2.288294 0.170201
31 2.367457 0.165095
32 2.445608 0.159936
33 2.524667 0.154801
34 2.602849 0.149770
35 2.681199 0.145102
36 2.757343 0.140958
37 2.834350 0.137334
38 2.912499 0.134266
39 2.988589 0.131710
40 3.065723 0.129534
41 3.141958 0.127636
42 3.218541 0.125948
43 3.295302 0.124418
44 3.371803 0.123010
45 3.447635 0.121694
46 3.524294 0.120451
47 3.600731 0.119263
48 3.676639 0.118121
49 3.753312 0.117017
50 3.830346 0.115946
51 3.906831 0.114906
52 3.983080 0.113894
53 4.059593 0.112909
54 4.136551 0.111945
55 4.212435 0.110995
56 4.290772 0.110052
57 4.368131 0.109104
58 4.445093 0.108138
59 4.521581 0.107139
60 4.598009 0.106088
61 4.674349 0.104960
62 4.751216 0.103726
63 4.827648 0.102363
64 4.903413 0.100895
65 4.979346 0.099416
66 5.055329 0.097991
67 5.131104 0.096572
68 5.206835 0.095088
69 5.282584 0.093525
70 5.358469 0.091941
71 5.434478 0.090422
72 5.510231 0.088995
73 5.586165 0.087685
74 5.662276 0.086612
75 5.738243 0.085781
76 5.814928 0.085094
77 5.890934 0.084493
78 5.967122 0.083952
79 6.043359 0.083455
80 6.119316 0.082996
81 6.195283 0.082566
82 6.271129 0.082160
83 6.346983 0.081774
84 6.423304 0.081402
85 6.499722 0.081040
86 6.575547 0.080682
87 6.651298 0.080319
88 6.729357 0.079940
89 6.809564 0.079525
90 6.887521 0.079047
91 6.965433 0.078464
92 7.042217 0.077749
93 7.117995 0.076981
94 7.194579 0.076346
95 7.270379 0.075894
96 7.346246 0.075536
97 7.422734 0.075209
98 7.499391 0.074879
99 7.575408 0.074524
100 7.651300 0.074113
101 7.727408 0.073613
102 7.803676 0.073003
103 7.879498 0.072340
104 7.957128 0.071773
105 8.034617 0.071371
106 8.111089 0.071074
107 8.187306 0.070826
108 8.263161 0.070601
109 8.339201 0.070390
110 8.415031 0.070186
111 8.490847 0.069987
112 8.567284 0.069791
113 8.643515 0.069596
114 8.719434 0.069402
115 8.797652 0.069208
116 8.873885 0.069014
117 8.949651 0.068821
118 9.025927 0.068630
119 9.101669 0.068441
120 9.177410 0.068255
121 9.253383 0.068075
122 9.329218 0.067902
123 9.404996 0.067735
124 9.480933 0.067577
125 9.556717 0.067428
126 9.632645 0.067286
127 9.708706 0.067154
128 9.784906 0.067029
129 9.862053 0.066912
130 9.939699 0.066802
131 10.017193 0.066698
132 10.093947 0.066600
133 10.170743 0.066508
134 10.247970 0.066420
135 10.324622 0.066336
136 10.401549 0.066256
137 10.478150 0.066179
138 10.554308 0.066106
139 10.630753 0.066035
140 10.707669 0.065967
141 10.785082 0.065902
142 10.861712 0.065838
143 10.938293 0.065777
144 11.014238 0.065717
145 11.091496 0.065659
146 11.168314 0.065602
147 11.245475 0.065547
148 11.322439 0.065494
149 11.398889 0.065442
150 11.475650 0.065390
151 11.555860 0.065340
152 11.636589 0.065291
153 11.716050 0.065243
154 11.795315 0.065196
155 11.873352 0.065149
156 11.950083 0.065104
157 12.027344 0.065059
158 12.106465 0.065014
159 12.182687 0.064971
160 12.259029 0.064927
161 12.336557 0.064884
162 12.414013 0.064841
163 12.493104 0.064799
164 12.571135 0.064756
165 12.652249 0.064713
166 12.730240 0.064670
167 12.807969 0.064627
168 12.885113 0.064582
169 12.963610 0.064537
170 13.046977 0.064490
171 13.127548 0.064441
172 13.205995 0.064388
173 13.283538 0.064331
174 13.361326 0.064267
175 13.441642 0.064194
176 13.523025 0.064107
177 13.601048 0.063997
178 13.678937 0.063849
179 13.756475 0.063639
180 13.835282 0.063319
181 13.913540 0.062829
182 13.992220 0.062185
183 14.069428 0.061642
184 14.147618 0.061372
185 14.226186 0.061242
186 14.304238 0.061160
187 14.381017 0.061098
188 14.458511 0.061046
189 14.535698 0.060999
190 14.612495 0.060955
191 14.690342 0.060915
192 14.767311 0.060876
193 14.843892 0.060839
194 14.919868 0.060804
195 14.996531 0.060769
196 15.074349 0.060736
197 15.153352 0.060703
198 15.230127 0.060671
199 15.307034 0.060639
200 15.385251 0.060607
201 15.462857 0.060576
202 15.540428 0.060544
203 15.617772 0.060513
204 15.699222 0.060481
205 15.778449 0.060448
206 15.856750 0.060415
207 15.934808 0.060380
208 16.013795 0.060345
209 16.093393 0.060307
210 16.173181 0.060267
211 16.252110 0.060223
212 16.330198 0.060176
213 16.408707 0.060122
214 16.486560 0.060060
215 16.563336 0.059987
216 16.640720 0.059898
217 16.720847 0.059786
218 16.798965 0.059639
219 16.875975 0.059441
220 16.953684 0.059169
221 17.030535 0.058804
222 17.106978 0.058363
223 17.184593 0.057936
224 17.261244 0.057620
225 17.338828 0.057426
226 17.415412 0.057305
227 17.491515 0.057223
228 17.568536 0.057161
229 17.645607 0.057111
230 17.721566 0.057068
231 17.797383 0.057031
232 17.873284 0.056997
233 17.949572 0.056965
234 18.025435 0.056936
235 18.101846 0.056909
236 18.177854 0.056883
237 18.253945 0.056858
238 18.329912 0.056834
239 18.406508 0.056812
240 18.482581 0.056790
241 18.558315 0.056769
242 18.634169 0.056748
243 18.710765 0.056728
244 18.786626 0.056708
245 18.862611 0.056689
246 18.938736 0.056670
247 19.014704 0.056652
248 19.090880 0.056634
249 19.167244 0.056616
250 19.243453 0.056599
251 19.319327 0.056581
252 19.395613 0.056564
253 19.471437 0.056548
254 19.547554 0.056531
255 19.623536 0.056515
256 19.699331 0.056498
257 19.775176 0.056482
258 19.851696 0.056466
259 19.928440 0.056450
260 20.004694 0.056435
261 20.081733 0.056419
262 20.159758 0.056403
263 20.237028 0.056388
264 20.313752 0.056373
265 20.390131 0.056357
266 20.466817 0.056342
267 20.543901 0.056326
268 20.621117 0.056311
269 20.697856 0.056296
270 20.774093 0.056280
271 20.850960 0.056265
272 20.927292 0.056250
273 21.003245 0.056234
274 21.079499 0.056218
275 21.155601 0.056203
276 21.231386 0.056187
277 21.308310 0.056171
278 21.386308 0.056155
279 21.465453 0.056138
280 21.542826 0.056121
281 21.619755 0.056104
282 21.696144 0.056087
283 21.772911 0.056069
284 21.849239 0.056051
285 21.925960 0.056033
286 22.002333 0.056013
287 22.078862 0.055994
288 22.155384 0.055973
289 22.232604 0.055951
290 22.309549 0.055929
291 22.386148 0.055905
292 22.462966 0.055880
293 22.539815 0.055853
294 22.616181 0.055824
295 22.692976 0.055792
296 22.769121 0.055758
297 22.845820 0.055720
298 22.922549 0.055677
299 22.999516 0.055627
300 23.075654 0.055570
301 23.152392 0.055502
302 23.229004 0.055418
303 23.305631 0.055314
304 23.381603 0.055178
305 23.460622 0.054999
306 23.538140 0.054755
307 23.616435 0.054426
308 23.693396 0.054010
309 23.769760 0.053560
310 23.845896 0.053180
311 23.922456 0.052923
312 23.998361 0.052760
313 24.075520 0.052649
314 24.152027 0.052564
315 24.228906 0.052492
316 24.304928 0.052425
317 24.381545 0.052359
318 24.458503 0.052292
319 24.534628 0.052221
320 24.611496 0.052144
321 24.687974 0.052059
322 24.764430 0.051964
323 24.840776 0.051856
324 24.916757 0.051733
325 24.992547 0.051591
326 25.068465 0.051430
327 25.144210 0.051248
328 25.220264 0.051048
329 25.296435 0.050837
330 25.372838 0.050624
331 25.448595 0.050420
332 25.524310 0.050237
333 25.601005 0.050078
334 25.676802 0.049947
335 25.753063 0.049839
336 25.829139 0.049751
337 25.905045 0.049680
338 25.981024 0.049621
339 26.056924 0.049571
340 26.132661 0.049529
341 26.208553 0.049493
342 26.284724 0.049461
343 26.360524 0.049432
344 26.436258 0.049407
345 26.512029 0.049383
346 26.588741 0.049362
347 26.664541 0.049341
348 26.740880 0.049322
349 26.816614 0.049305
350 26.892998 0.049287
351 26.968782 0.049271
352 27.044647 0.049255
353 27.121520 0.049239
354 27.197306 0.049224
355 27.273355 0.049209
356 27.353667 0.049194
357 27.430799 0.049179
358 27.507644 0.049164
359 27.583458 0.049149
360 27.660745 0.049133
361 27.736936 0.049117
362 27.812790 0.049101
363 27.891490 0.049083
364 27.969309 0.049065
365 28.045856 0.049045
366 28.122581 0.049023
367 28.198691 0.048999
368 28.274912 0.048971
369 28.350841 0.048939
370 28.427078 0.048901
371 28.503075 0.048853
372 28.579153 0.048790
373 28.655503 0.048704
374 28.731480 0.048574
375 28.807611 0.048359
376 28.883530 0.047935
377 28.959469 0.046864
378 29.035541 0.043575
379 29.111562 0.040276
380 29.187671 0.039692
381 29.263672 0.039528
382 29.339825 0.039449
383 29.417429 0.039399
384 29.495902 0.039363
385 29.575224 0.039333
386 29.654417 0.039308
387 29.733176 0.039286
388 29.811565 0.039266
389 29.891042 0.039248
390 29.969403 0.039231
391 30.046029 0.039216
392 30.122176 0.039201
393 30.199447 0.039187
394 30.276759 0.039174
395 30.353303 0.039162
396 30.429884 0.039150
397 30.507440 0.039139
398 30.585015 0.039128
399 30.661714 0.039117
400 30.741161 0.039107
401 30.821818 0.039098
