1 0.075493 1.419857
2 0.152064 1.099537
3 0.228476 0.891376
4 0.304493 0.750803
5 0.380793 0.649178
6 0.457434 0.569858
7 0.534531 0.516051
8 0.610462 0.476673
9 0.686343 0.449524
10 0.762245 0.427328
11 0.838210 0.413208
12 0.914365 0.397111
13 0.990532 0.384592
14 1.067830 0.373343
15 1.143702 0.361380
16 1.220001 0.351039
17 1.296185 0.339879
18 1.372472 0.327786
19 1.448443 0.316022
20 1.525011 0.303579
21 1.603136 0.291844
22 1.680269 0.281572
23 1.759923 0.273538
24 1.836952 0.266341
25 1.914090 0.260233
26 1.990198 0.254499
27 2.066242 0.249867
28 2.142831 0.244771
29 2.219393 0.239973
30 2.295894 0.233918
31 2.373434 0.225871
32 2.449840 0.221062
33 2.526543 0.217585
34 2.602597 0.214392
35 2.678730 0.211745
36 2.754897 0.204757
37 2.831245 0.202556
38 2.907429 0.196038
39 2.983831 0.193040
40 3.060693 0.190122
41 3.136547 0.187803
42 3.213048 0.183685
43 3.289520 0.181552
44 3.365620 0.179563
45 3.442450 0.177033
46 3.518428 0.172181
47 3.595114 0.168708
48 3.671703 0.166226
49 3.747854 0.164561
50 3.824323 0.163628
51 3.900555 0.163052
52 3.976684 0.161620
53 4.053385 0.160713
54 4.129545 0.159836
55 4.206941 0.159023
56 4.283710 0.158275
57 4.360447 0.157795
58 4.437335 0.157298
59 4.513879 0.156843
60 4.591304 0.156415
61 4.667946 0.155891
62 4.744887 0.155362
63 4.821542 0.154917
64 4.899357 0.154423
65 4.975981 0.153942
66 5.053088 0.153345
67 5.130735 0.152713
68 5.208305 0.151388
69 5.284695 0.149972
70 5.361516 0.149408
71 5.438122 0.148994
72 5.514829 0.148137
73 5.593962 0.147803
74 5.671116 0.146546
75 5.748363 0.145995
76 5.824976 0.145605
77 5.902060 0.144907
78 5.978034 0.144634
79 6.054754 0.144398
80 6.132016 0.143975
81 6.208647 0.143713
82 6.285785 0.143502
83 6.362103 0.143181
84 6.439189 0.143038
85 6.516275 0.142815
86 6.592540 0.142493
87 6.668892 0.142301
88 6.745122 0.141940
89 6.821555 0.141558
90 6.897841 0.141196
91 6.974391 0.140688
92 7.050504 0.140126
93 7.127048 0.139407
94 7.203304 0.138839
95 7.279507 0.138304
96 7.355879 0.137187
97 7.432249 0.136424
98 7.508632 0.135894
99 7.587421 0.134627
100 7.665977 0.132586
101 7.742887 0.131683
102 7.819495 0.131020
103 7.895677 0.129469
104 7.972942 0.128036
105 8.050412 0.126126
106 8.127295 0.125049
107 8.206593 0.124747
108 8.285967 0.123606
109 8.363317 0.122299
110 8.440862 0.121233
111 8.517133 0.119482
112 8.593505 0.118568
113 8.670129 0.117356
114 8.746543 0.116127
115 8.823250 0.115485
116 8.899874 0.114992
117 8.976502 0.113996
118 9.053023 0.113314
119 9.129879 0.113027
120 9.206032 0.112386
121 9.282219 0.111854
122 9.359397 0.111050
123 9.435817 0.110338
124 9.511684 0.109565
125 9.587760 0.109007
126 9.663574 0.108366
127 9.739417 0.107491
128 9.818147 0.106877
129 9.895312 0.105697
130 9.971617 0.105192
131 10.047554 0.104749
132 10.124471 0.104285
133 10.201301 0.104044
134 10.277199 0.103730
135 10.353198 0.103489
136 10.429116 0.103034
137 10.505089 0.102748
138 10.581002 0.102471
139 10.657290 0.102378
140 10.733160 0.102230
141 10.809178 0.102087
142 10.885218 0.101928
143 10.961162 0.101767
144 11.037128 0.101592
145 11.112922 0.101021
146 11.188871 0.100679
147 11.264791 0.100384
148 11.341248 0.100275
149 11.418170 0.100060
150 11.494156 0.099969
151 11.570042 0.099910
152 11.646623 0.099832
153 11.722752 0.099757
154 11.798846 0.099649
155 11.875230 0.099236
156 11.951461 0.099144
157 12.027496 0.098900
158 12.103492 0.098682
159 12.180620 0.098498
160 12.256455 0.098369
161 12.333568 0.098255
162 12.409659 0.097870
163 12.485930 0.097770
164 12.562162 0.097580
165 12.640784 0.097375
166 12.718318 0.097019
167 12.795265 0.096665
168 12.871090 0.096551
169 12.947116 0.095693
170 13.022932 0.094696
171 13.098836 0.093338
172 13.175665 0.091808
173 13.251569 0.091053
174 13.327693 0.090852
175 13.403668 0.090694
176 13.480245 0.090390
177 13.559296 0.090235
178 13.635846 0.089885
179 13.714476 0.087393
180 13.791704 0.086315
181 13.868504 0.084695
182 13.944755 0.084433
183 14.020575 0.084137
184 14.096544 0.083964
185 14.173557 0.083764
186 14.250284 0.083694
187 14.327664 0.083588
188 14.404677 0.083430
189 14.481897 0.083110
190 14.558825 0.082849
191 14.635655 0.082806
192 14.712086 0.081395
193 14.789264 0.080641
194 14.865739 0.080620
195 14.942316 0.080159
196 15.018851 0.080025
197 15.095768 0.079972
198 15.172152 0.079927
199 15.248527 0.079509
200 15.326197 0.078892
201 15.403001 0.078816
202 15.479437 0.078780
203 15.556402 0.078533
204 15.633300 0.078500
205 15.712628 0.078022
206 15.790100 0.077675
207 15.866300 0.077628
208 15.943137 0.077473
209 16.019789 0.077199
210 16.096021 0.077075
211 16.173093 0.077021
212 16.249481 0.076925
213 16.326895 0.076860
214 16.403437 0.076799
215 16.480340 0.076754
216 16.556600 0.076613
217 16.633451 0.076551
218 16.710037 0.076525
219 16.786635 0.076431
220 16.863635 0.076385
221 16.940035 0.076293
222 17.016891 0.076253
223 17.094294 0.076214
224 17.171106 0.076192
225 17.248141 0.076133
226 17.325455 0.075951
227 17.402309 0.075910
228 17.480135 0.075846
229 17.556938 0.075766
230 17.633226 0.075678
231 17.712359 0.075565
232 17.790110 0.075323
233 17.867455 0.075063
234 17.944249 0.075013
235 18.020622 0.074825
236 18.097456 0.074556
237 18.174285 0.074171
238 18.251264 0.073534
239 18.329049 0.073248
240 18.405746 0.072753
241 18.482118 0.072482
242 18.558733 0.071653
243 18.635288 0.071372
244 18.712353 0.071307
245 18.788889 0.070975
246 18.865717 0.070799
247 18.942967 0.070678
248 19.019342 0.070496
249 19.096272 0.070433
250 19.173353 0.070372
251 19.249829 0.070307
252 19.325627 0.070265
253 19.401492 0.070207
254 19.477396 0.070178
255 19.553463 0.070124
256 19.629382 0.070082
257 19.705358 0.070020
258 19.781333 0.069994
259 19.857331 0.069933
260 19.933281 0.069901
261 20.009673 0.069877
262 20.086471 0.069851
263 20.162436 0.069793
264 20.238810 0.069754
265 20.314689 0.069732
266 20.390540 0.069695
267 20.466601 0.069617
268 20.545969 0.069567
269 20.623982 0.069501
270 20.701005 0.069440
271 20.776899 0.069181
272 20.853169 0.069039
273 20.929028 0.069025
274 21.005129 0.069018
