1 0.076169 1.140814
2 0.152396 0.978753
3 0.228659 0.823693
4 0.305231 0.727650
5 0.386291 0.646153
6 0.464045 0.590818
7 0.541667 0.532207
8 0.619700 0.494591
9 0.696046 0.460469
10 0.772431 0.434263
11 0.848708 0.414356
12 0.927293 0.390678
13 1.004785 0.368189
14 1.080680 0.351161
15 1.156527 0.324535
16 1.232399 0.309151
17 1.308452 0.294763
18 1.384288 0.282452
19 1.460186 0.270722
20 1.535995 0.261633
21 1.611788 0.252027
22 1.687699 0.242837
23 1.763576 0.235091
24 1.839634 0.224421
25 1.915480 0.216337
26 1.991666 0.209657
27 2.067493 0.204712
28 2.143346 0.200517
29 2.219295 0.194217
30 2.295213 0.190918
31 2.371256 0.188504
32 2.447142 0.183708
33 2.522947 0.178720
34 2.599149 0.174889
35 2.675122 0.171131
36 2.751481 0.166998
37 2.827281 0.162689
38 2.903226 0.159447
39 2.979556 0.156666
40 3.055369 0.152379
41 3.131671 0.149820
42 3.207730 0.147859
43 3.283597 0.146127
44 3.359575 0.143224
45 3.436258 0.139957
46 3.512872 0.137320
47 3.590472 0.134847
48 3.666990 0.133134
49 3.743614 0.131205
50 3.819933 0.129078
51 3.897033 0.126600
52 3.973478 0.124508
53 4.049524 0.123414
54 4.125515 0.121928
55 4.201650 0.119896
56 4.277800 0.118538
57 4.353960 0.116799
58 4.430076 0.114733
59 4.506359 0.112743
60 4.582790 0.110376
61 4.659079 0.107549
62 4.735517 0.104568
63 4.811689 0.101978
64 4.888115 0.098955
65 4.964545 0.095874
66 5.041308 0.093339
67 5.117782 0.091486
68 5.194396 0.090238
69 5.271198 0.088545
70 5.347525 0.087082
71 5.423634 0.085782
72 5.500202 0.084021
73 5.576245 0.081864
74 5.652308 0.079801
75 5.728564 0.079028
76 5.804794 0.077621
77 5.881207 0.076233
78 5.957992 0.074564
79 6.034122 0.073450
80 6.110158 0.072620
81 6.186476 0.072047
82 6.263132 0.071264
83 6.339421 0.070406
84 6.415607 0.069650
85 6.491605 0.069320
86 6.568860 0.068771
87 6.645205 0.068308
88 6.721470 0.067738
89 6.797581 0.067312
90 6.873831 0.066824
91 6.950371 0.066546
92 7.026645 0.065860
93 7.103491 0.065594
94 7.179872 0.065101
95 7.256176 0.064780
96 7.332493 0.064147
97 7.408872 0.062884
98 7.485211 0.061930
99 7.561310 0.061431
100 7.637672 0.061013
101 7.713844 0.060687
102 7.790839 0.060442
103 7.867181 0.060103
104 7.943518 0.059955
105 8.019928 0.059808
106 8.096193 0.059468
107 8.172380 0.059256
108 8.248806 0.059009
109 8.324818 0.058895
110 8.400810 0.058662
111 8.477203 0.058529
112 8.553095 0.058411
113 8.630793 0.058196
114 8.708333 0.057944
115 8.784926 0.057825
116 8.860819 0.057690
117 8.937160 0.057580
118 9.013096 0.057408
119 9.089068 0.057210
120 9.164969 0.057088
121 9.241298 0.056933
122 9.317524 0.056783
123 9.393429 0.056659
124 9.469378 0.056546
125 9.546109 0.056393
126 9.621987 0.056307
127 9.697857 0.056063
128 9.773861 0.055906
129 9.849732 0.055822
130 9.925609 0.055532
131 10.001945 0.055308
132 10.077810 0.055028
133 10.153649 0.054702
134 10.229668 0.053729
135 10.305612 0.053245
136 10.381420 0.053147
137 10.457347 0.052652
138 10.533809 0.052602
139 10.609752 0.051913
140 10.685745 0.050749
141 10.761749 0.049951
142 10.837720 0.048163
143 10.914025 0.046409
144 10.990371 0.046086
145 11.066218 0.045926
146 11.142148 0.045814
147 11.218013 0.045721
148 11.294007 0.045650
149 11.370098 0.045557
150 11.446003 0.045497
151 11.522305 0.045425
152 11.598310 0.045372
153 11.674307 0.045327
154 11.750207 0.045250
155 11.826986 0.045187
156 11.902969 0.045110
157 11.979104 0.045062
158 12.055182 0.045013
159 12.131004 0.044947
160 12.206933 0.044890
161 12.282841 0.044850
162 12.358680 0.044814
163 12.434527 0.044778
164 12.511227 0.044734
165 12.587395 0.044701
166 12.663803 0.044669
167 12.739765 0.044621
168 12.815834 0.044591
169 12.891883 0.044552
170 12.968117 0.044504
171 13.044322 0.044467
172 13.120822 0.044426
173 13.197667 0.044396
174 13.273659 0.044367
175 13.349513 0.044326
176 13.425845 0.044294
177 13.501708 0.044263
178 13.578616 0.044222
179 13.655129 0.044191
180 13.731534 0.044153
181 13.808136 0.044118
182 13.884664 0.044092
183 13.961946 0.044048
184 14.038460 0.044010
185 14.114772 0.043985
186 14.191259 0.043959
187 14.268650 0.043918
188 14.345159 0.043894
189 14.421584 0.043874
190 14.498108 0.043837
191 14.574558 0.043792
192 14.651190 0.043759
193 14.727499 0.043722
194 14.803701 0.043670
195 14.880125 0.043572
196 14.956439 0.043549
197 15.032813 0.043529
198 15.109205 0.043457
199 15.185782 0.043405
200 15.262035 0.043349
201 15.338592 0.043291
202 15.414968 0.043271
203 15.492570 0.043244
204 15.568816 0.043222
205 15.645309 0.043067
206 15.721532 0.042991
207 15.798180 0.042906
208 15.874541 0.042890
209 15.950796 0.042871
210 16.027057 0.042780
211 16.103381 0.042584
212 16.179863 0.042572
213 16.256336 0.042452
214 16.332738 0.042436
215 16.409090 0.042425
216 16.485386 0.042287
217 16.561772 0.042142
218 16.638323 0.041989
219 16.714537 0.041975
220 16.793730 0.041965
221 16.870923 0.041802
222 16.947710 0.041639
223 17.024279 0.041625
224 17.100370 0.041037
225 17.176907 0.040916
226 17.253126 0.040903
227 17.329427 0.040794
228 17.405826 0.040783
229 17.481993 0.040686
230 17.558138 0.040675
231 17.634607 0.040592
232 17.710942 0.040584
