1 0.075390 1.210407
2 0.151264 1.014860
3 0.227224 0.861655
4 0.303167 0.746683
5 0.379026 0.666119
6 0.454853 0.598224
7 0.530855 0.540850
8 0.607102 0.506566
9 0.683343 0.479146
10 0.759435 0.451729
11 0.835374 0.431302
12 0.911187 0.409071
13 0.988077 0.388234
14 1.065383 0.368579
15 1.141199 0.355354
16 1.217082 0.336701
17 1.293054 0.325453
18 1.368981 0.313131
19 1.444935 0.298854
20 1.522200 0.287891
21 1.598622 0.277195
22 1.675347 0.269705
23 1.751581 0.257661
24 1.827884 0.237275
25 1.903727 0.222962
26 1.979760 0.215638
27 2.056236 0.207651
28 2.132806 0.200990
29 2.208981 0.197515
30 2.285211 0.191623
31 2.361750 0.187215
32 2.438132 0.180761
33 2.514499 0.175198
34 2.590573 0.170428
35 2.666834 0.167470
36 2.742908 0.162395
37 2.819533 0.158844
38 2.895910 0.155929
39 2.972410 0.153308
40 3.048639 0.149833
41 3.124485 0.147148
42 3.200583 0.144852
43 3.276769 0.143345
44 3.353368 0.141543
45 3.429749 0.138950
46 3.506154 0.137200
47 3.582034 0.135701
48 3.658662 0.134243
49 3.734908 0.132496
50 3.811151 0.131190
51 3.887411 0.129881
52 3.963339 0.129269
53 4.040308 0.128429
54 4.116642 0.126671
55 4.192860 0.126043
56 4.269173 0.125475
57 4.345450 0.125071
58 4.421737 0.124340
59 4.498067 0.122585
60 4.574228 0.122081
61 4.650889 0.121705
62 4.727075 0.121379
63 4.803157 0.120901
64 4.879384 0.120221
65 4.955576 0.119839
66 5.031931 0.119177
67 5.107974 0.118870
68 5.184394 0.118166
69 5.260740 0.117710
70 5.337023 0.117303
71 5.413331 0.117020
72 5.490020 0.116756
73 5.566178 0.116365
74 5.642611 0.116047
75 5.718994 0.115632
76 5.795254 0.115104
77 5.871244 0.114688
78 5.947638 0.114334
79 6.024058 0.113759
80 6.100382 0.113278
81 6.176819 0.112800
82 6.253189 0.112485
83 6.329483 0.111557
84 6.405659 0.111175
85 6.481783 0.110703
86 6.558114 0.109453
87 6.634084 0.108885
88 6.710665 0.108348
89 6.786630 0.107674
90 6.862737 0.106700
91 6.938607 0.106327
92 7.015235 0.105998
93 7.091029 0.105542
94 7.166883 0.105102
95 7.242718 0.104460
96 7.318750 0.104142
97 7.394592 0.103371
98 7.470625 0.103286
99 7.546808 0.102972
100 7.622837 0.102525
101 7.698971 0.102280
102 7.779134 0.101957
103 7.856215 0.101602
104 7.932197 0.101166
105 8.008074 0.100753
106 8.084144 0.100419
107 8.160055 0.099793
108 8.235918 0.099264
109 8.312364 0.099154
110 8.388298 0.098815
111 8.464119 0.098603
112 8.540060 0.098323
113 8.616112 0.098051
114 8.692243 0.097503
115 8.768263 0.097106
116 8.844088 0.096414
117 8.920183 0.096054
118 8.996834 0.095161
119 9.072769 0.093953
120 9.148659 0.093621
121 9.224583 0.091342
122 9.300718 0.090773
123 9.376703 0.090515
124 9.452707 0.090310
125 9.529616 0.090015
126 9.605975 0.089822
127 9.682710 0.089619
128 9.760676 0.089502
129 9.839124 0.089410
130 9.917095 0.089296
131 9.995203 0.089171
132 10.071864 0.089082
133 10.147723 0.088993
134 10.223605 0.088881
135 10.300757 0.088804
136 10.377630 0.088721
137 10.454408 0.088635
138 10.532330 0.088576
139 10.609541 0.088517
140 10.689456 0.088446
141 10.770083 0.088349
142 10.848677 0.088287
143 10.926051 0.088232
144 11.002544 0.088169
145 11.081385 0.088115
146 11.160320 0.088066
147 11.238928 0.088008
148 11.317669 0.087972
149 11.397143 0.087924
150 11.474564 0.087867
151 11.553910 0.087810
152 11.633055 0.087764
153 11.713086 0.087719
154 11.792878 0.087667
155 11.870894 0.087623
156 11.948692 0.087583
157 12.025880 0.087545
158 12.103954 0.087507
159 12.181106 0.087459
160 12.257595 0.087425
161 12.336219 0.087395
162 12.416637 0.087349
163 12.494361 0.087303
164 12.573046 0.087263
165 12.650630 0.087216
166 12.727582 0.087177
167 12.803801 0.087126
168 12.880835 0.087096
169 12.960965 0.087065
170 13.040507 0.087022
171 13.119102 0.086984
172 13.197449 0.086942
173 13.274616 0.086907
174 13.353841 0.086876
175 13.432345 0.086851
176 13.511736 0.086824
177 13.591423 0.086780
178 13.669931 0.086743
179 13.746950 0.086709
180 13.824005 0.086663
181 13.902877 0.086613
182 13.981976 0.086569
183 14.060172 0.086544
184 14.138191 0.086504
185 14.216370 0.086456
186 14.294090 0.086401
187 14.371075 0.086348
188 14.448803 0.086312
189 14.525892 0.086287
190 14.602633 0.086202
191 14.679246 0.086147
192 14.757748 0.086115
193 14.836440 0.086031
194 14.915016 0.085950
195 14.994357 0.085880
196 15.072614 0.085772
197 15.150309 0.085670
198 15.228025 0.085604
199 15.304895 0.085576
200 15.381143 0.085502
201 15.457280 0.085439
202 15.535587 0.085297
203 15.614976 0.085202
204 15.693175 0.084982
205 15.773104 0.084441
206 15.853171 0.084174
207 15.933522 0.084025
208 16.012271 0.083332
209 16.091868 0.082796
210 16.169590 0.081920
211 16.246172 0.081948
212 16.325275 0.080985
213 16.404900 0.079422
214 16.483351 0.079248
215 16.561982 0.078136
216 16.640876 0.078044
217 16.718454 0.077963
218 16.798008 0.077727
219 16.875961 0.077581
220 16.953004 0.077476
221 17.029805 0.077423
222 17.106552 0.077383
223 17.182523 0.077335
224 17.261080 0.077238
225 17.339834 0.077070
226 17.419131 0.077041
227 17.498280 0.076965
228 17.576986 0.076897
229 17.655101 0.076790
230 17.736604 0.076742
231 17.819744 0.076688
232 17.903731 0.076644
233 17.984790 0.076625
234 18.063169 0.076582
235 18.141514 0.076557
236 18.219929 0.076525
237 18.298461 0.076478
238 18.375183 0.076446
239 18.452563 0.076422
240 18.531740 0.076394
241 18.609718 0.076361
242 18.687063 0.076335
243 18.763859 0.076290
244 18.839813 0.076260
245 18.916971 0.076238
246 18.995176 0.076224
247 19.071479 0.076190
248 19.147332 0.076163
249 19.223331 0.076122
250 19.300204 0.076095
251 19.376335 0.076074
252 19.454153 0.076024
253 19.530148 0.075965
254 19.606130 0.075895
255 19.682088 0.075874
256 19.757979 0.075824
257 19.839846 0.075769
258 19.919703 0.075754
259 19.999914 0.075737
260 20.078447 0.075668
261 20.155518 0.075167
262 20.231398 0.075150
263 20.311749 0.074861
264 20.388064 0.074450
265 20.464226 0.073436
266 20.542161 0.073442
