1 0.077100 1.262874
2 0.153408 0.981420
3 0.229907 0.793677
4 0.306265 0.653867
5 0.382854 0.556873
6 0.459098 0.500166
7 0.535717 0.454458
8 0.612146 0.424321
9 0.688632 0.395059
10 0.764908 0.369284
11 0.841336 0.349323
12 0.917571 0.334079
13 0.993966 0.316435
14 1.072382 0.299605
15 1.148676 0.287105
16 1.225092 0.274261
17 1.301764 0.262484
18 1.378211 0.251103
19 1.454539 0.242370
20 1.531038 0.231686
21 1.607500 0.220659
22 1.684403 0.213993
23 1.761188 0.207897
24 1.837676 0.202436
25 1.914527 0.196144
26 1.990686 0.190332
27 2.066890 0.184649
28 2.143824 0.178554
29 2.220833 0.174909
30 2.297548 0.171035
31 2.374569 0.166233
32 2.451103 0.160129
33 2.528122 0.155772
34 2.604640 0.151456
35 2.681022 0.148118
36 2.757804 0.144746
37 2.834120 0.141601
38 2.910854 0.138911
39 2.987122 0.136093
40 3.063618 0.133791
41 3.140069 0.130908
42 3.216755 0.128566
43 3.293159 0.126210
44 3.369604 0.124512
45 3.445914 0.121710
46 3.522388 0.120054
47 3.598735 0.117318
48 3.675151 0.116011
49 3.751890 0.114298
50 3.828064 0.112722
51 3.908199 0.111029
52 3.985284 0.109695
53 4.061511 0.108897
54 4.137416 0.107553
55 4.213370 0.106642
56 4.289455 0.105636
57 4.365303 0.104229
58 4.441189 0.103499
59 4.517100 0.102935
60 4.593290 0.101364
61 4.670900 0.100399
62 4.748013 0.099785
63 4.823931 0.099054
64 4.899858 0.098437
65 4.975724 0.097569
66 5.051678 0.097086
67 5.127807 0.096319
68 5.203588 0.095769
69 5.279476 0.095330
70 5.355658 0.094588
71 5.431499 0.094250
72 5.507367 0.093226
73 5.583340 0.092542
74 5.659187 0.091728
75 5.738039 0.090416
76 5.814843 0.089389
77 5.891270 0.089034
78 5.967192 0.088349
79 6.042983 0.086061
80 6.118861 0.085541
81 6.194759 0.084601
82 6.270731 0.084338
83 6.346876 0.083646
84 6.422723 0.082335
85 6.498606 0.081554
86 6.574508 0.081254
87 6.650465 0.080706
88 6.726490 0.080473
89 6.802709 0.080105
90 6.878484 0.079789
91 6.954381 0.079490
92 7.030336 0.079150
93 7.106147 0.078846
94 7.182098 0.078479
95 7.258049 0.078202
96 7.334182 0.078006
97 7.410010 0.077750
98 7.485857 0.076901
99 7.561710 0.076198
100 7.638253 0.075455
101 7.714182 0.074873
102 7.790393 0.074640
103 7.866312 0.074281
104 7.942392 0.073674
105 8.018279 0.073264
106 8.094173 0.072200
107 8.170058 0.071565
108 8.245997 0.071372
109 8.322059 0.070587
110 8.397889 0.070135
111 8.473783 0.069792
112 8.549674 0.069665
113 8.625669 0.069440
114 8.701484 0.069340
115 8.777429 0.069243
116 8.853446 0.069044
117 8.929411 0.068733
118 9.005332 0.068633
119 9.082017 0.068451
120 9.158103 0.068355
121 9.234774 0.068260
122 9.311031 0.068048
123 9.387456 0.067868
124 9.464049 0.067679
125 9.540779 0.067355
126 9.617159 0.067183
127 9.694120 0.067107
128 9.770799 0.066976
129 9.846847 0.066914
130 9.923406 0.066849
131 9.999723 0.066721
132 10.076041 0.066572
133 10.152568 0.066471
134 10.229207 0.066416
135 10.305399 0.066316
136 10.381908 0.066262
137 10.458622 0.066163
138 10.535244 0.066041
139 10.612715 0.065890
140 10.688990 0.065733
141 10.765330 0.065684
142 10.841607 0.065572
143 10.917973 0.065528
144 10.994378 0.065377
145 11.070611 0.065209
146 11.146848 0.065153
147 11.223371 0.065106
148 11.300007 0.064860
149 11.376478 0.064462
150 11.452802 0.063929
151 11.529084 0.062620
152 11.605356 0.062074
153 11.681838 0.061455
154 11.758610 0.060824
155 11.835125 0.059636
156 11.912215 0.059578
157 11.988210 0.059248
158 12.064909 0.059163
159 12.143724 0.058940
160 12.220669 0.058831
161 12.296958 0.058752
162 12.373236 0.058608
163 12.449574 0.058479
164 12.526032 0.058403
165 12.602400 0.058293
166 12.678891 0.058191
167 12.755356 0.058078
168 12.831685 0.057928
169 12.908387 0.057772
170 12.984681 0.057318
171 13.061271 0.056947
172 13.137760 0.056938
