1 0.078296 1.411754
2 0.156130 1.173541
3 0.232297 0.986082
4 0.308160 0.838884
5 0.385667 0.741807
6 0.463007 0.658848
7 0.539263 0.571258
8 0.615890 0.505022
9 0.692675 0.466350
10 0.770741 0.431827
11 0.848975 0.401496
12 0.927486 0.380637
13 1.005135 0.363449
14 1.083349 0.346253
15 1.160036 0.332395
16 1.237618 0.317860
17 1.314121 0.299966
18 1.394311 0.282122
19 1.473848 0.269666
20 1.553583 0.258909
21 1.633296 0.248539
22 1.711681 0.241022
23 1.788968 0.230528
24 1.866109 0.222207
25 1.943375 0.214248
26 2.022526 0.208248
27 2.101638 0.199735
28 2.180640 0.192551
29 2.258396 0.186497
30 2.335545 0.180377
31 2.412368 0.175715
32 2.489978 0.172882
33 2.569108 0.168454
34 2.647198 0.164342
35 2.725664 0.160638
36 2.804896 0.158318
37 2.884411 0.155854
38 2.963501 0.153881
39 3.042622 0.151115
40 3.120183 0.149429
41 3.198517 0.147625
42 3.277085 0.145529
43 3.354876 0.142167
44 3.433874 0.140310
45 3.513628 0.138522
46 3.593636 0.137321
47 3.673269 0.135661
48 3.752634 0.133476
49 3.832259 0.130659
50 3.911762 0.128171
51 3.991371 0.126871
52 4.070857 0.125002
53 4.150499 0.123106
54 4.230111 0.120500
55 4.309655 0.116775
56 4.390236 0.115146
57 4.468287 0.113538
58 4.547078 0.111552
59 4.626326 0.110978
60 4.705836 0.109017
61 4.785370 0.108176
62 4.864705 0.107206
63 4.942826 0.106489
64 5.019880 0.105567
65 5.096545 0.104568
66 5.173199 0.103397
67 5.251462 0.102616
68 5.330779 0.102068
69 5.409832 0.101410
70 5.488941 0.101261
71 5.568323 0.100517
72 5.647179 0.100231
73 5.724549 0.099611
74 5.801744 0.099146
75 5.879449 0.098578
76 5.957937 0.097876
77 6.035419 0.096876
78 6.112231 0.096359
79 6.189297 0.095995
80 6.267862 0.095611
81 6.347415 0.095289
82 6.426695 0.094838
83 6.504838 0.094592
84 6.583540 0.094346
85 6.661481 0.094057
86 6.738933 0.093858
87 6.815090 0.093639
88 6.890986 0.093436
89 6.967217 0.093254
90 7.043880 0.093098
91 7.124277 0.092941
92 7.202984 0.092784
93 7.282859 0.092628
94 7.363539 0.092479
95 7.444310 0.092299
96 7.524963 0.092121
97 7.605774 0.091928
98 7.686285 0.091679
99 7.766677 0.091437
100 7.846439 0.091173
101 7.925882 0.090969
102 8.005716 0.090454
103 8.087240 0.090360
104 8.166157 0.089749
105 8.245591 0.089571
106 8.323591 0.088828
107 8.401518 0.088171
108 8.478910 0.087477
109 8.556326 0.086726
110 8.632669 0.085623
111 8.708714 0.085169
112 8.784845 0.084842
113 8.860965 0.083805
114 8.936943 0.083438
115 9.013002 0.082894
116 9.089462 0.082249
117 9.165331 0.081985
118 9.241274 0.081728
119 9.317429 0.081604
120 9.393648 0.081011
121 9.473044 0.080815
122 9.553357 0.080345
123 9.632044 0.079999
124 9.713835 0.079798
125 9.796026 0.079660
126 9.874512 0.079553
127 9.952121 0.079397
128 10.029696 0.079277
129 10.106991 0.079182
130 10.184570 0.079131
131 10.262329 0.079030
132 10.339945 0.078900
133 10.416782 0.078792
134 10.492724 0.078728
135 10.568831 0.078577
136 10.645113 0.078526
137 10.721062 0.078431
138 10.797336 0.078357
139 10.873717 0.078299
140 10.949522 0.078186
141 11.025342 0.078086
142 11.101730 0.077803
143 11.177797 0.077754
144 11.253830 0.077457
145 11.329690 0.077242
146 11.405940 0.077006
147 11.481878 0.076723
148 11.558021 0.075958
149 11.634275 0.075922
150 11.710838 0.075466
151 11.787096 0.075255
152 11.863422 0.075149
153 11.940180 0.075078
154 12.016646 0.074999
155 12.093059 0.074947
156 12.169826 0.074906
157 12.246164 0.074874
158 12.322401 0.074836
159 12.398649 0.074793
160 12.476722 0.074731
161 12.553187 0.074656
162 12.630118 0.074610
163 12.707615 0.074565
164 12.785479 0.074525
165 12.862007 0.074493
166 12.939245 0.074449
167 13.017572 0.074417
168 13.095477 0.074377
169 13.172616 0.074338
170 13.251110 0.074307
171 13.329342 0.074282
172 13.406665 0.074248
173 13.485222 0.074216
174 13.564582 0.074180
175 13.641637 0.074151
176 13.719920 0.074122
177 13.798929 0.074101
178 13.877827 0.074074
179 13.956016 0.074049
180 14.035236 0.074018
181 14.113783 0.073987
182 14.192209 0.073964
183 14.269877 0.073939
184 14.347413 0.073917
185 14.424719 0.073896
186 14.502412 0.073871
187 14.580209 0.073849
188 14.657531 0.073825
189 14.734889 0.073806
190 14.812752 0.073783
191 14.890346 0.073763
192 14.968078 0.073745
193 15.045969 0.073722
194 15.123983 0.073705
195 15.201094 0.073683
196 15.278280 0.073666
197 15.356461 0.073645
198 15.434754 0.073622
199 15.511727 0.073603
200 15.589870 0.073585
201 15.668558 0.073567
202 15.747141 0.073548
203 15.825141 0.073532
204 15.903527 0.073514
205 15.982718 0.073498
206 16.060147 0.073481
207 16.136802 0.073467
208 16.212704 0.073452
209 16.288820 0.073432
210 16.365178 0.073413
211 16.441441 0.073397
212 16.517557 0.073380
213 16.593847 0.073362
214 16.670266 0.073348
215 16.746175 0.073330
216 16.822176 0.073314
217 16.898030 0.073298
218 16.974025 0.073282
219 17.052304 0.073268
220 17.131775 0.073255
221 17.210648 0.073239
222 17.289516 0.073225
223 17.366895 0.073212
224 17.444070 0.073197
225 17.520602 0.073184
226 17.596496 0.073172
227 17.672357 0.073159
228 17.748904 0.073146
229 17.824888 0.073131
230 17.900922 0.073119
231 17.977156 0.073107
232 18.052976 0.073091
233 18.129022 0.073078
234 18.204991 0.073061
235 18.280921 0.073048
236 18.357651 0.073033
237 18.435716 0.073020
238 18.514149 0.073008
239 18.591159 0.072996
240 18.667036 0.072984
241 18.742927 0.072973
242 18.819182 0.072959
243 18.894953 0.072947
244 18.970954 0.072934
245 19.046808 0.072923
246 19.122847 0.072910
247 19.198649 0.072897
248 19.274473 0.072883
249 19.350378 0.072871
250 19.426334 0.072855
251 19.502305 0.072843
252 19.578266 0.072833
253 19.654253 0.072821
254 19.730268 0.072808
255 19.806118 0.072798
